%eval_id interface FaceCovMax     rResolBulk     vResol         DatomFissGBx   fNucleate      aAtomDifFiss   StickProb      rResolGBB      fuel_swelling  fuel_gas_swelling 
1        NO_ID      0.650871557    3.281528662e-09 5.696812621e-18 9720.560229    2.415274238e-09 5.4587482e-31  1.250136318e-07 6.908243157e-07 117.7925863    85.72090615    
2        NO_ID      0.7004889706   3.405614543e-09 2.270948299e-18 10617.11946    3.584054292e-10 5.298310102e-31 1.674882269e-07 9.826777456e-07 114.5628244    82.49114429    
3        NO_ID      0.7706605814   3.548509496e-09 1.371848679e-18 25422.01078    1.667373799e-10 3.316310037e-31 3.433259094e-07 3.038372675e-06 107.5209732    75.44929302    
4        NO_ID      0.683931201    3.364810439e-09 1.777367097e-18 8486.594548    1.579264888e-10 1.698032105e-30 1.423811074e-07 8.31258721e-07 40910.69804    40878.62636    
5        NO_ID      0.7044808323   2.530986437e-09 3.591396452e-18 19902.46433    8.04767947e-10 2.323996146e-31 3.178562991e-07 4.354383022e-07 113.7305777    81.65889755    
6        NO_ID      0.8664325266   2.614629658e-09 1.295105655e-18 9409.33371     4.883834175e-10 3.546485555e-31 5.975684482e-08 6.42601281e-07 99.05932247    66.98764234    
7        NO_ID      0.6549924436   1.769670594e-09 2.162683803e-18 32465.84796    1.339868999e-09 3.710226701e-31 1.297651489e-07 8.517836644e-07 123.1783065    91.10662634    
8        NO_ID      0.7543236927   3.318653229e-09 2.589793732e-18 64321.57503    4.939832136e-10 1.988497217e-30 7.106292275e-07 2.990959658e-08 108.607359     76.53567891    
9        NO_ID      0.7566005187   2.911011507e-09 1.610621875e-18 59859.66909    4.283788874e-10 5.500327175e-31 2.329639635e-07 3.010176725e-07 110.0560774    77.9843973     
10       NO_ID      0.7577751696   2.510380514e-09 1.422918947e-18 24954.12651    3.191454214e-10 6.86020496e-31 1.663182524e-07 4.918690958e-07 310.6896165    278.6179364    
11       NO_ID      0.7289884389   1.461933577e-09 3.525027518e-18 267222.0665    7.72157792e-10 3.185884121e-31 4.706099179e-07 9.505914311e-07 113.4001047    81.32842454    
12       NO_ID      0.8052491255   3.163338098e-09 2.940952011e-18 18575.80824    4.616904091e-10 4.981906968e-31 5.17236755e-07 7.591835556e-07 104.2757719    72.2040918     
13       NO_ID      0.7445761728   3.277585041e-09 4.824857387e-18 54215.91511    5.723874898e-10 5.092096606e-31 9.252709709e-08 1.124998157e-07 110.1417828    78.07010267    
14       NO_ID      0.7315771019   3.097020081e-09 2.366678881e-18 21634.14968    3.170975251e-10 1.284813273e-30 9.463913127e-08 1.840411809e-06 121.7516789    89.67999873    
15       NO_ID      0.6171394793   3.843181836e-09 2.553886394e-18 8168.404831    4.829281206e-10 4.199104326e-31 1.498167397e-07 3.542907384e-07 123.4354264    91.36374626    
16       NO_ID      0.8271751112   3.010812262e-09 3.545636934e-18 8137.984553    5.188601615e-10 4.904781342e-31 4.982264098e-07 2.416101776e-07 102.0313892    69.95970906    
17       NO_ID      0.7248485272   3.134041101e-09 5.392139292e-19 20576.22475    2.805514598e-10 1.771751751e-31 3.876832564e-08 2.483622186e-07 260.6537415    228.5820614    
18       NO_ID      0.788199383    3.324043634e-09 6.63397796e-19 79963.45352    6.672045313e-10 4.389083794e-31 5.521616578e-08 5.554472097e-07 292.5657983    260.4941181    
19       NO_ID      0.6919256046   3.33252176e-09 4.103734177e-18 51453.88161    5.310942887e-10 1.064350774e-30 1.475179297e-07 8.023233291e-07 115.6133917    83.54171158    
20       NO_ID      0.7975024742   2.211265912e-09 2.96969482e-18 18291.04235    7.479735772e-10 3.928863306e-31 7.357163696e-07 5.513342577e-07 104.9162336    72.84455344    
21       NO_ID      0.6684388993   3.521880048e-09 1.552737244e-18 48074.10927    5.748753415e-10 8.125177943e-31 3.378559386e-07 1.289149363e-07 118.335194     86.26351392    
22       NO_ID      0.7077785333   2.802321737e-09 6.051354769e-18 110167.5463    2.068227395e-09 2.661369033e-31 9.51287104e-08 2.577007428e-07 112.7903274    80.7186473     
23       NO_ID      0.8297639807   2.173311594e-09 2.432126048e-18 9629.758113    7.51204138e-10 1.429117653e-30 1.46161847e-07 6.838515988e-07 102.5796229    70.50794277    
24       NO_ID      0.7668831319   2.314749908e-09 7.944411733e-18 11045.61561    2.513677788e-09 3.391061984e-31 1.024981059e-07 5.395789268e-07 106.7312986    74.65961848    
25       NO_ID      0.6723716142   2.544517372e-09 2.06619195e-18 14223.07108    1.650038772e-09 1.5309079e-31  7.069196384e-08 5.120213137e-07 116.5532972    84.48161705    
26       NO_ID      0.7786779202   2.768292922e-09 3.508676918e-18 53389.70699    1.787408769e-09 3.036652516e-31 4.288688857e-08 4.52597289e-07 106.2865459    74.21486578    
27       NO_ID      0.7378185139   3.069778501e-09 1.267384148e-18 70365.40948    1.474646293e-09 2.818682075e-31 1.350473666e-06 2.685965039e-07 111.089442     79.01776183    
28       NO_ID      0.6635616428   3.336170969e-09 5.919234586e-18 79630.03385    7.935233706e-10 2.465659037e-31 1.635173405e-07 3.893491168e-07 117.9843768    85.91269663    
29       NO_ID      0.7712407427   1.736003775e-09 1.532682004e-18 22582.64575    2.395211011e-10 1.338375625e-30 2.849935765e-07 1.683432509e-06 941.3265488    909.2548686    
30       NO_ID      0.6883779062   3.409730335e-09 1.177195886e-18 43792.44628    3.667221927e-10 1.154075794e-30 1.728868041e-07 5.738411006e-07 786.4027082    754.3310281    
31       NO_ID      0.7191143722   3.69916993e-09 6.177981176e-18 27699.02514    1.069902873e-10 2.41363909e-31 4.885192529e-07 9.237299319e-07 113.386746     81.31506583    
32       NO_ID      0.612776966    2.117662835e-09 2.789272812e-18 57663.35563    3.107421624e-10 9.289054406e-31 3.617428568e-07 1.437582118e-06 136.4205581    104.348878     
33       NO_ID      0.8248553272   2.468293019e-09 2.225140565e-18 12756.27732    1.866348341e-09 7.12833445e-31 6.847684188e-08 6.013145183e-07 102.5108347    70.4391546     
34       NO_ID      0.8197757516   3.799560869e-09 9.160567862e-18 13023.44961    8.19255581e-10 1.901491282e-30 1.174537275e-07 3.367156642e-07 102.7805198    70.70883967    
35       NO_ID      0.6437568094   2.275859209e-09 4.598348084e-18 54478.81031    1.659629344e-10 6.333715973e-31 4.780185234e-08 5.792190243e-07 251.1659323    219.0942522    
36       NO_ID      0.7704960712   4.027560683e-09 2.717497502e-18 36058.09101    2.633549132e-10 5.361862863e-31 1.301760184e-07 4.75426545e-07 107.7618605    75.69018035    
37       NO_ID      0.7585537241   4.875207365e-09 3.403451386e-18 26150.65105    1.822024542e-09 1.442247978e-31 1.392637846e-07 1.001989202e-06 107.4172639    75.34558377    
38       NO_ID      0.5979305391   3.197696784e-09 2.294835866e-18 10256.7187     4.463322604e-10 7.229279402e-31 1.085404275e-07 8.162507196e-07 125.1247885    93.05310838    
39       NO_ID      0.6457599232   3.563253539e-09 2.740242309e-18 20637.22468    2.963283193e-10 5.203752212e-31 8.048556183e-08 6.685758748e-07 120.7432819    88.67160182    
40       NO_ID      0.763059       1.799537119e-09 1.795674982e-18 11766.83301    1.681239649e-09 7.043691932e-31 2.599657839e-07 6.588661892e-08 106.7004733    74.62879322    
41       NO_ID      0.7675326248   4.602255851e-09 1.020422467e-18 13105.14368    1.269417469e-09 1.966531253e-31 4.687445294e-08 2.612746157e-07 107.5762037    75.50452356    
42       NO_ID      0.6379413945   2.529193699e-09 1.381270023e-18 46577.41367    4.187937653e-10 1.364684526e-30 1.532116637e-07 1.11235239e-06 155181.9842    155149.9125    
43       NO_ID      0.6048790144   2.537630899e-09 3.370900623e-18 49663.78038    1.729244178e-09 4.581514973e-31 2.231475181e-07 1.160211161e-06 123.5674497    91.49576958    
44       NO_ID      0.7126157669   2.885285438e-09 1.505295227e-18 87295.12952    1.509233718e-09 5.31107641e-31 1.970764428e-07 4.57705362e-07 115.7589271    83.68724701    
45       NO_ID      0.8171902205   3.377536353e-09 1.899788492e-18 102237.1502    8.79301524e-11 2.566500048e-31 3.921970262e-07 3.995342688e-07 102.1469659    70.07528576    
46       NO_ID      0.7796201638   1.862800426e-09 1.582515965e-18 35183.09177    5.228763778e-10 8.762241973e-31 1.779701922e-07 3.509634311e-07 486.1193016    454.0476215    
47       NO_ID      0.6678309709   2.953015124e-09 1.701156253e-18 7332.624958    3.891895419e-10 3.338133977e-31 5.53849534e-07 1.606955183e-06 118.2450962    86.17341607    
48       NO_ID      0.6145062093   3.833001737e-09 7.89244005e-19 52510.11755    7.364040644e-10 1.76444204e-30 3.050525803e-07 5.605436029e-07 1773.465985    1741.394305    
49       NO_ID      0.7332528844   4.009148419e-09 3.704407377e-18 43255.0243     2.74478608e-10 2.510856046e-31 1.652972334e-07 1.093894212e-06 111.7613437    79.68966359    
50       NO_ID      0.630870703    2.63792107e-09 7.013572673e-18 68798.87618    2.642179667e-09 1.124650168e-30 6.756470301e-07 7.062809189e-07 120.0311559    87.95947579    
51       NO_ID      0.6967946111   2.832129656e-09 9.740849637e-19 15125.56557    3.063088701e-10 1.12487746e-31 9.712081881e-08 1.39484331e-07 116.4553185    84.38363838    
52       NO_ID      0.6767513741   2.505357444e-09 1.343104564e-18 43382.97362    5.624358102e-10 7.774526419e-31 1.90402073e-07 4.641520163e-07 557.4811765    525.4094964    
53       NO_ID      0.7482748316   2.697455835e-09 1.010475634e-18 28870.68408    1.377980377e-09 8.192075421e-31 1.078964237e-07 1.195337052e-06 364.3272447    332.2555646    
54       NO_ID      0.6846392822   2.736424565e-09 4.292990579e-18 23892.07964    6.107437006e-10 1.042125105e-31 7.445981561e-07 1.413759976e-06 115.9612462    83.88956611    
55       NO_ID      0.6861470853   3.759551444e-09 2.577415382e-18 54901.43858    8.108942979e-10 1.17420924e-30 1.701806269e-07 2.365340217e-07 116.1363004    84.06462029    
56       NO_ID      0.7089583369   3.081583258e-09 9.318746312e-19 46899.21043    6.332785677e-10 7.927809672e-31 7.996681756e-07 3.107427691e-07 117.9254045    85.85372439    
57       NO_ID      0.7627520805   2.258692246e-09 3.743946336e-19 31414.23632    6.737573694e-10 1.164391991e-30 1.170550173e-07 2.875479597e-07 828.1918827    796.1202026    
58       NO_ID      0.7953272269   3.048348254e-09 5.552382111e-19 13743.19459    4.414444994e-10 7.256708103e-31 2.04438947e-07 1.55710983e-06 399.2670664    367.1953863    
59       NO_ID      0.7011224625   3.388792955e-09 3.494134284e-18 20224.8512     1.083063231e-09 5.954753574e-31 1.109908431e-06 3.273941798e-06 113.7534421    81.68176201    
60       NO_ID      0.7100807751   2.483349353e-09 4.645136356e-18 19767.52487    1.005815874e-09 5.891794174e-32 5.309364695e-07 8.595483488e-07 112.5645547    80.49287461    
61       NO_ID      0.5969123726   2.470798203e-09 2.516224135e-18 32900.13224    2.431119392e-10 8.510089185e-31 8.243796619e-08 5.715722874e-07 47742.53242    47710.46074    
62       NO_ID      0.6797169712   3.613863632e-09 3.749783285e-18 25781.95618    1.158960421e-09 7.084448791e-31 7.360404142e-08 9.574787762e-07 115.8484931    83.77681296    
63       NO_ID      0.5240343637   4.198658401e-09 2.197390848e-18 77477.063      3.989485371e-10 1.460543367e-30 2.282980309e-07 5.212870978e-07 136.4688631    104.397183     
64       NO_ID      0.7217969976   2.458196505e-09 7.36473253e-18 11237.88907    2.667130715e-10 4.602998313e-31 6.361295583e-07 1.192850903e-07 112.9026643    80.83098419    
65       NO_ID      0.6392790656   2.160395868e-09 1.981459017e-18 40562.59136    3.407461008e-10 1.939419542e-30 5.366442506e-07 5.110215125e-07 3742.68331     3710.61163     
66       NO_ID      0.6272189742   3.602787011e-09 9.650203658e-19 55166.85808    1.167444442e-09 5.347113987e-31 9.360886869e-08 7.81886663e-07 129.6752293    97.60354918    
67       NO_ID      0.58566621     3.687509115e-09 1.732142252e-18 39968.56246    2.87817496e-10 5.969933945e-31 2.966855252e-07 3.087236953e-07 128.3862913    96.31461121    
68       NO_ID      0.6580874505   2.828375706e-09 1.851878678e-18 28663.0422     9.274345712e-10 3.133692155e-31 2.885291588e-07 2.500104678e-07 118.9771327    86.90545255    
69       NO_ID      0.744315802    1.838973729e-09 3.242480877e-18 13383.69906    3.804730566e-10 2.43031658e-30 2.038497964e-07 1.513605001e-06 1840.946919    1808.875239    
70       NO_ID      0.6908353418   3.218538251e-09 3.458503676e-18 22055.11915    2.61209404e-09 2.605510131e-31 4.619072861e-07 6.298877802e-07 114.0008114    81.92913126    
71       NO_ID      0.6495629565   2.966994243e-09 3.099686704e-18 17829.83747    1.533513339e-09 8.442360505e-31 2.194285298e-07 4.033584738e-07 118.7474586    86.67577847    
72       NO_ID      0.6603531819   3.203721992e-09 1.002301592e-18 133542.8258    2.772651988e-10 3.636673447e-31 1.816144463e-07 1.246849676e-06 163.9699548    131.8982747    
73       NO_ID      0.7895900797   3.812056498e-09 1.123828811e-18 15217.83396    1.652883107e-09 2.847981136e-31 2.182905809e-07 4.55313379e-07 105.5349659    73.46328577    
74       NO_ID      0.6484628102   3.223812162e-09 1.996401857e-18 180968.0504    1.499785003e-09 5.158332643e-31 8.55870456e-08 2.552183365e-07 121.8239792    89.75229904    
75       NO_ID      0.6904807442   2.566626854e-09 5.729555324e-18 13589.62502    3.873499759e-10 1.954948869e-31 9.816836059e-08 4.1061367e-07  115.891426     83.81974583    
76       NO_ID      0.6471008647   2.397375429e-09 1.202306055e-17 50523.69666    3.427736653e-10 6.198743029e-31 2.453996659e-07 1.088513965e-06 121.0018301    88.93015002    
77       NO_ID      0.6565598402   4.06119336e-09 1.545233077e-18 152420.4864    4.484061897e-09 2.209390639e-31 9.052615518e-08 6.403859398e-07 118.4213235    86.34964339    
78       NO_ID      0.8030538672   1.958352507e-09 2.309008242e-18 145716.1956    2.269956877e-10 6.575456265e-31 2.901271029e-07 8.367923274e-07 106.2644115    74.19273139    
79       NO_ID      0.7735449996   3.369471277e-09 1.396103554e-18 95143.40923    1.446727488e-10 7.292966897e-32 3.693117434e-07 2.73882588e-07 107.7580227    75.68634258    
80       NO_ID      0.8146994694   2.153282846e-09 5.074909921e-19 37771.02618    2.72500292e-10 1.805208867e-30 1.731438884e-07 4.678153571e-07 872.2787723    840.2070922    
81       NO_ID      0.6408062017   3.567322836e-09 7.632319012e-18 23551.4821     9.758570626e-10 8.457917403e-31 1.936281673e-07 5.244699295e-07 119.9932197    87.9215396     
82       NO_ID      0.8094032531   2.994607279e-09 6.096743779e-19 41824.59054    7.17014913e-10 2.788576941e-31 7.761527556e-07 2.38671995e-07 106.8685239    74.79684376    
83       NO_ID      0.6758423162   2.922037207e-09 1.508709072e-18 10825.37117    1.105299974e-09 7.374832202e-31 1.190695659e-07 1.965577994e-06 118.589598     86.51791784    
84       NO_ID      0.885102277    2.282435707e-09 9.493157319e-19 6441.154744    1.250012722e-09 1.500006907e-31 4.549025547e-07 4.86124173e-07 97.05694535    64.98526522    
85       NO_ID      0.6664135826   3.42505034e-09 9.463325953e-19 64001.99307    5.843618415e-10 1.046720107e-30 9.586366522e-08 3.766151961e-07 1253.52556     1221.45388     
86       NO_ID      0.6386201774   3.89340317e-09 2.498775723e-18 12364.36812    8.437921318e-10 1.29974676e-31 4.783284773e-07 7.19561342e-07 120.2682557    88.19657559    
87       NO_ID      0.7680270018   3.790077695e-09 2.108265998e-18 72827.53338    2.592124226e-10 3.239002737e-31 2.510349993e-07 1.719649956e-06 108.241119     76.16943889    
88       NO_ID      0.6165694384   2.207607356e-09 4.435487162e-19 14312.26885    2.061086526e-10 7.613201135e-31 1.843012747e-07 6.254951599e-07 53978.17243    53946.10075    
89       NO_ID      0.5886366858   3.542711167e-09 5.89941335e-19 25242.45252    2.309693658e-10 5.077883396e-31 2.497158257e-07 2.184238809e-07 1272.269282    1240.197602    
90       NO_ID      0.815196624    3.678032708e-09 1.144075582e-18 30893.8624     1.387610078e-09 3.952304861e-31 5.002550166e-08 4.891808701e-07 104.2514413    72.17976118    
91       NO_ID      0.7568360505   3.98377462e-09 7.234913524e-19 56941.72349    5.019340571e-10 6.361931855e-31 5.776792424e-08 1.298059051e-06 403.1953142    371.123634     
92       NO_ID      0.7305606651   2.585367378e-09 3.056788055e-18 14625.33092    2.897378624e-09 1.732903735e-31 2.672210273e-07 1.172890309e-07 110.4230996    78.35141947    
93       NO_ID      0.703959891    2.893302922e-09 1.961063988e-18 12603.88759    8.580452883e-10 6.314135912e-31 3.865349042e-07 1.139574038e-06 113.9901204    81.91844029    
94       NO_ID      0.774170856    2.604202636e-09 1.78450386e-18 26764.80334    5.804312758e-10 4.115213501e-31 3.15835885e-07 4.446903396e-06 107.6525764    75.58089627    
95       NO_ID      0.7401208439   2.689937445e-09 2.180448439e-19 66628.98999    1.363940442e-09 3.153560734e-31 4.502206335e-07 5.239201838e-07 301.0092997    268.9376196    
96       NO_ID      0.8470963078   2.747850213e-09 1.557757858e-18 65733.92321    3.205890347e-10 3.723989649e-31 3.758827501e-08 6.57898122e-07 112.595034     80.52335388    
97       NO_ID      0.6551344865   1.831711893e-09 3.729247963e-18 17915.79461    3.699867994e-10 5.841077297e-31 1.114381594e-07 2.726653954e-07 138.3564243    106.2847442    
98       NO_ID      0.7271302677   3.089846007e-09 3.390247836e-18 33452.8212     3.625087199e-10 1.311323338e-30 9.918070098e-08 2.149755872e-07 111.6603604    79.58868028    
99       NO_ID      0.6421074174   2.664710891e-09 4.71674849e-19 77111.81094    3.110994763e-09 1.408948149e-30 2.051838636e-07 3.642103332e-07 1095.454985    1063.383305    
100      NO_ID      0.7020338646   3.256711281e-09 2.856304203e-18 10501.23512    8.009821143e-10 5.048455668e-31 3.038648834e-07 1.974846531e-07 113.8954629    81.82378281    
101      NO_ID      0.6974146343   3.239653733e-09 3.16203357e-18 34001.48423    5.167601946e-10 3.290926275e-31 2.932588335e-07 9.451182487e-07 115.0027814    82.93110126    
102      NO_ID      0.7119437825   2.706110387e-09 1.089635842e-18 26694.57634    9.532188563e-10 6.137826044e-31 2.217918614e-07 1.650709425e-06 118.2269265    86.15524641    
103      NO_ID      0.6810168618   2.816749537e-09 8.34498841e-19 41231.35307    1.528645106e-10 4.868131821e-31 3.526831993e-07 7.559074977e-07 508.3383406    476.2666605    
104      NO_ID      0.701954347    2.446745854e-09 1.43938378e-18 17183.91902    7.756484879e-10 3.614722783e-31 2.803743598e-07 1.548677158e-06 115.4644575    83.39277733    
105      NO_ID      0.5485218988   2.646292911e-09 2.004023127e-18 51325.64568    1.083534558e-10 3.422636703e-31 3.487780065e-07 3.81837773e-07 146.4028678    114.3311877    
106      NO_ID      0.7604535471   3.077897556e-09 1.655317743e-18 18447.65974    3.786373745e-10 7.345608226e-31 2.406791907e-07 2.783616138e-07 108.6081014    76.5364213     
107      NO_ID      0.7515507007   1.714980241e-09 1.697821547e-18 53914.27943    4.678692489e-10 2.976901759e-31 2.833502347e-07 2.059010657e-07 113.0644063    80.99272614    
108      NO_ID      0.7438482341   2.998856339e-09 5.702036949e-19 13944.14049    2.515930745e-10 1.544775556e-30 7.140650415e-07 8.098983314e-08 110.8619458    78.79026568    
109      NO_ID      0.7501192375   2.655782575e-09 9.139011608e-19 66751.01604    8.352186274e-10 8.956323679e-31 2.019742583e-07 1.209573728e-06 402.6344177    370.5627376    
110      NO_ID      0.6035898973   3.576776462e-09 1.364728187e-18 44359.83365    1.208811639e-09 1.366972066e-31 2.693626955e-07 1.054754349e-06 124.2937874    92.22210732    
111      NO_ID      0.6805522371   3.002636291e-09 2.156653272e-18 97226.91946    1.408899914e-09 3.018076316e-31 8.668070041e-08 2.000025307e-07 116.8274349    84.75575476    
112      NO_ID      0.6889311115   3.291813784e-09 2.259471087e-18 16414.36091    3.677178559e-10 4.808820494e-31 2.242543161e-07 3.497207747e-07 116.0402128    83.96853266    
113      NO_ID      0.7598028541   3.43379451e-09 8.157823434e-18 17565.53689    5.656523351e-10 1.753743377e-30 2.81620792e-07 9.256281646e-08 107.4412048    75.36952462    
114      NO_ID      0.7071248171   1.66673132e-09 3.289687416e-18 72503.2837     6.27488149e-10 4.817354936e-31 4.117356623e-07 5.672645046e-07 114.8790871    82.80740693    
115      NO_ID      0.7730737068   2.771431943e-09 2.170677571e-17 28902.55216    8.248120325e-10 4.292365461e-31 3.215412852e-07 5.476112312e-07 106.6440808    74.57240071    
116      NO_ID      0.5953225742   3.557529345e-09 7.613594589e-19 78324.31043    4.83888688e-10 2.779537922e-30 4.400895069e-07 3.981215742e-07 54297.88857    54265.81689    
117      NO_ID      0.6786684158   1.630699342e-09 1.915379898e-18 45281.53161    1.231651143e-09 3.777379598e-31 4.478801597e-07 2.107625956e-07 120.6878219    88.61614182    
118      NO_ID      0.794382367    2.698662777e-09 7.4250798e-18  24235.53278    2.438957655e-10 4.356900782e-31 2.730698289e-07 3.526461922e-07 105.432526     73.36084585    
119      NO_ID      0.6857192622   2.253914099e-09 1.031251049e-18 39005.76616    7.948490236e-10 5.271623792e-31 3.093531074e-07 3.929998601e-07 254.7704115    222.6987314    
120      NO_ID      0.7554777576   3.63117558e-09 3.00590741e-18 19677.70868    4.13018799e-10 8.036811995e-31 4.846201548e-07 4.469986141e-07 109.1712545    77.09957437    
121      NO_ID      0.8530715261   3.248009708e-09 8.017727793e-19 38946.74626    1.426101837e-09 7.492902891e-31 1.34645855e-07 7.413611486e-07 105.6233779    73.55169775    
122      NO_ID      0.7418125212   3.143342127e-09 2.128621015e-18 58234.47676    6.812059611e-10 5.487924293e-30 8.711730502e-08 6.739573049e-07 125047.4205    125015.3488    
123      NO_ID      0.5367520838   2.178876366e-09 5.105525646e-18 24967.91712    3.268692215e-10 6.764778343e-31 3.256988357e-07 3.283800292e-07 133.6992384    101.6275583    
124      NO_ID      0.7870242224   2.839627606e-09 1.762993934e-18 40091.48991    9.489560727e-10 4.84705889e-31 8.117366042e-08 1.346472365e-06 106.6309604    74.55928024    
125      NO_ID      0.725436492    3.982124774e-09 3.334997848e-18 113461.818     3.93017964e-10 1.48625076e-30 1.437969377e-07 3.692571935e-07 112.4839227    80.41224253    
126      NO_ID      0.8601429827   2.049961808e-09 1.044068256e-18 13686.27784    1.151975253e-10 4.920002919e-31 1.396000721e-07 9.09982376e-07 416.6181318    384.5464517    
127      NO_ID      0.6558013556   3.441514374e-09 3.33138461e-18 75107.46841    3.841789239e-10 2.121498499e-31 1.506812826e-07 1.006522172e-06 119.9592739    87.88759382    
128      NO_ID      0.7111271483   2.841679525e-09 1.35501432e-18 30981.257      1.70543464e-09 2.030544002e-30 1.164690252e-07 7.376538593e-07 958.4649042    926.393224     
129      NO_ID      0.6979835236   3.138035992e-09 6.783543262e-18 47366.60415    7.007954926e-10 8.659767211e-31 9.328881536e-08 5.318434238e-07 114.6155182    82.54383805    
130      NO_ID      0.7698447308   2.655396813e-09 1.711736769e-18 34461.67126    5.254074897e-10 2.688701155e-31 2.072025485e-07 9.613645231e-08 106.8622962    74.79061604    
131      NO_ID      0.7431139425   3.553603479e-09 1.885638201e-18 22770.86408    1.181586393e-09 3.505624453e-31 1.30678964e-07 5.84634394e-07 109.8298994    77.75821925    
132      NO_ID      0.6232268455   2.791387919e-09 1.063787906e-18 16551.66949    5.040499343e-10 5.524244808e-31 2.100335774e-07 3.831710128e-07 538.5829971    506.511317     
133      NO_ID      0.7161716433   3.152267073e-09 1.421880368e-18 45790.20249    1.440038333e-09 6.427663451e-31 3.476363342e-07 4.840415116e-07 113.7826707    81.71099053    
134      NO_ID      0.6989323659   2.711451361e-09 1.096313317e-18 103276.1084    1.963685688e-10 6.754922069e-31 4.946450685e-07 1.607707024e-07 308.5848768    276.5131967    
135      NO_ID      0.835638363    4.148038377e-09 1.594573812e-18 26077.00549    9.376492021e-10 6.207729573e-31 6.531661941e-08 2.990777417e-07 101.442184     69.37050388    
136      NO_ID      0.7339053153   3.232943431e-09 3.626885855e-18 15460.4678     1.610507575e-09 2.441834792e-31 9.155926112e-08 3.178156754e-07 110.2764752    78.20479504    
137      NO_ID      0.5991004333   1.903551212e-09 1.275636158e-18 11574.64246    6.428831705e-10 4.779571559e-31 5.109935312e-07 7.109010955e-07 440.4606729    408.3889927    
138      NO_ID      0.6785317173   2.069613115e-09 1.036415797e-18 23189.22348    3.082949189e-10 9.008758853e-31 7.288436337e-08 6.545557249e-07 97546.76594    97514.69426    
139      NO_ID      0.7972073609   3.505486278e-09 1.690275457e-18 22355.34899    4.443698559e-10 3.688492607e-31 3.820984475e-07 1.477473653e-06 105.1076555    73.03597536    
140      NO_ID      0.6083992554   1.264541197e-09 1.465543616e-18 22290.69382    8.624470102e-10 4.051978523e-31 2.580457965e-07 1.961487444e-07 840.6077132    808.5360331    
141      NO_ID      0.8084447633   2.344717429e-09 6.698299889e-18 165686.3686    7.781683288e-10 2.762032942e-31 2.655748048e-07 8.691093816e-07 103.4582857    71.38660557    
142      NO_ID      0.5608338276   3.092477427e-09 1.794839153e-18 71481.99174    6.710631189e-10 3.005750879e-31 4.146846214e-07 5.469541443e-07 130.8443108    98.77263072    
143      NO_ID      0.6526347864   3.105034194e-09 5.427688029e-18 33769.21322    2.739876618e-09 8.577048939e-31 2.112362585e-07 1.871088503e-07 117.7526723    85.68099213    
144      NO_ID      0.7061964665   2.492242436e-09 2.988231747e-18 11911.38736    2.358502391e-10 1.14537063e-30 3.869588398e-07 2.945582227e-07 113.5876892    81.51600912    
145      NO_ID      0.714954386    3.086416533e-09 5.143003434e-18 14083.91406    4.165814338e-10 4.316145109e-31 4.934725557e-08 2.289444885e-07 113.1737674    81.10208731    
146      NO_ID      0.6404312731   3.185617094e-09 1.478954447e-18 48278.33443    2.488158632e-10 1.524553459e-31 3.410213367e-07 5.95655783e-07 122.5139114    90.44223124    
147      NO_ID      0.7386202806   3.667803815e-09 1.821939413e-18 11351.96207    4.151789174e-10 1.027980909e-30 4.088339503e-07 8.063615521e-07 110.7818349    78.71015473    
148      NO_ID      0.7208658851   2.784591426e-09 8.513785989e-19 23456.37154    3.548828211e-10 1.19696039e-31 1.511363301e-07 6.046015917e-07 114.5499616    82.47828144    
149      NO_ID      0.6639646767   3.263123377e-09 1.564965865e-18 64615.94188    9.660391267e-10 3.246884932e-31 2.355116678e-07 5.385578147e-07 118.9171598    86.84547962    
150      NO_ID      0.7486303494   3.795155632e-09 2.821184889e-18 9155.854606    5.107892752e-10 3.112353383e-31 7.695503399e-08 7.894229027e-07 109.575401     77.5037209     
151      NO_ID      0.8021959255   2.864722745e-09 1.672887681e-18 50794.52081    7.631627845e-10 7.686292722e-31 4.596539272e-07 4.07069964e-07 105.4140024    73.34232229    
152      NO_ID      0.7295032992   2.681697973e-09 2.929782879e-18 196839.7622    8.523759208e-10 2.081678318e-30 7.18101682e-08 8.124360703e-07 463.7653723    431.6936922    
153      NO_ID      0.6065997716   3.495283723e-09 7.057248151e-19 42306.06638    8.908513261e-10 2.226350044e-31 1.047207076e-07 6.447258868e-07 130.7448516    98.67317149    
154      NO_ID      0.7532209497   2.011106539e-09 2.250780473e-18 10016.1968     5.906513111e-10 9.750476463e-31 5.243239733e-07 1.359850651e-06 109.3703392    77.29865908    
155      NO_ID      0.7422802423   3.746588834e-09 8.452644867e-19 18370.68308    1.77598546e-10 4.264166566e-31 1.338263905e-07 1.857720564e-06 200.0531559    167.9814758    
156      NO_ID      0.6946566283   2.092724769e-09 3.420751499e-18 5903.045116    2.036949577e-10 8.858681933e-31 1.932490389e-07 8.277121771e-07 120.6451209    88.57344074    
157      NO_ID      0.7927778449   3.477977885e-09 4.81182768e-18 29535.73854    3.469421817e-10 7.546478057e-31 1.490086105e-07 5.763117466e-07 105.5550852    73.48340507    
158      NO_ID      0.7026828638   2.420418848e-09 2.085348953e-18 44636.4634     7.561897524e-10 1.095728954e-30 6.46536931e-07 8.811962832e-07 115.7731323    83.70145221    
159      NO_ID      0.8310524663   2.423551456e-09 6.447204771e-18 27855.04623    2.829798375e-10 1.925779135e-31 7.82460175e-08 3.343404295e-07 101.0154447    68.94376456    
160      NO_ID      0.7175269258   1.778792581e-09 1.570396859e-18 35614.36092    3.949378999e-10 3.594637035e-31 4.242856975e-07 5.297534755e-07 116.415575     84.34389491    
161      NO_ID      0.716238065    1.965528752e-09 2.865979681e-18 22199.19628    8.390725627e-10 1.567523357e-30 1.44066305e-07 1.565047197e-07 783.6548369    751.5831568    
162      NO_ID      0.6302122235   1.545801155e-09 9.21537943e-19 15716.9323     1.035025259e-09 6.948073653e-31 6.570098401e-08 1.668405872e-07 1923.493215    1891.421535    
163      NO_ID      0.6649967885   3.659739624e-09 1.446463198e-18 24420.06501    1.048122159e-09 2.345803196e-31 5.397257786e-08 5.18310967e-07 118.1028507    86.03117062    
164      NO_ID      0.6584977203   3.487778917e-09 4.39144113e-18 39603.70927    1.628015648e-09 1.591430622e-31 5.879348349e-07 4.647365443e-07 117.4498326    85.37815242    
165      NO_ID      0.7097284448   3.176674102e-09 2.885746715e-18 24741.75188    2.570690253e-10 9.619987462e-31 6.438406408e-08 1.497315723e-06 112.6876297    80.61594953    
166      NO_ID      0.762202749    3.393639517e-09 4.895755728e-19 20165.63187    3.448664172e-10 2.450144158e-31 7.414963968e-08 1.826275482e-07 264.5051124    232.4334323    
167      NO_ID      0.6670757824   3.755684556e-09 2.618885427e-18 148323.2937    2.931285387e-10 7.967740431e-31 1.611715373e-07 3.160070186e-07 119.1221206    87.05044042    
168      NO_ID      0.7360248893   3.45099161e-09 2.034154428e-18 15819.12094    8.817336483e-10 2.917349027e-31 5.602824905e-07 4.401959053e-07 110.5233447    78.45166456    
169      NO_ID      0.7121065583   2.901739209e-09 3.226370535e-18 20844.98243    1.478711386e-09 4.2199333e-31  1.765235573e-07 1.015059569e-06 112.4888688    80.4171887     
170      NO_ID      0.7992253755   2.945221191e-09 1.903095629e-18 16291.7666     2.094270126e-10 9.548741993e-31 6.155489388e-07 3.134872526e-07 104.4339645    72.36228439    
171      NO_ID      0.7012504321   4.250504937e-09 1.665828536e-18 63058.33364    6.213192078e-10 4.522852413e-31 1.995868102e-07 1.232564999e-06 114.8811033    82.80942313    
172      NO_ID      0.7281780053   2.227705038e-09 9.852083008e-19 37607.26755    1.484595151e-10 5.675501124e-31 1.381154726e-07 2.987309206e-07 902.878605     870.8069249    
173      NO_ID      0.7049169801   3.38295321e-09 1.970257249e-18 19594.02368    7.229801815e-10 1.271824354e-31 2.316922867e-07 2.704361943e-07 113.8108011    81.73912097    
174      NO_ID      0.6028532258   1.004865826e-09 8.597982054e-18 76275.7991     1.305713588e-09 2.789941171e-31 4.379434115e-07 9.330449174e-07 124.3857349    92.31405481    
175      NO_ID      0.7276615919   3.00586708e-09 9.55902431e-19 29921.49365    4.303267709e-10 5.909030536e-31 3.721717639e-07 1.129252369e-06 115.1964064    83.12472623    
176      NO_ID      0.6433369627   2.32227568e-09 3.835684738e-18 34306.98499    9.943259712e-10 5.234618498e-31 8.346244174e-08 6.587312044e-07 120.158433     88.0867529     
177      NO_ID      0.6862406881   3.582958243e-09 2.814024202e-18 31724.77553    1.095573579e-09 3.938210462e-30 1.833569672e-07 1.101368702e-06 116.0576899    83.98600974    
178      NO_ID      0.7538790311   4.039213089e-09 1.133989584e-18 32233.00438    2.223319581e-10 2.291537835e-31 1.573187618e-07 7.857420141e-07 109.5882195    77.51653936    
179      NO_ID      0.6949007636   3.672573219e-09 7.403204467e-19 48593.62528    1.5876113e-09  5.714754629e-31 1.224627108e-07 3.422020796e-07 121.899704     89.82802383    
180      NO_ID      0.5687576831   3.737726799e-09 4.476486445e-18 18105.70243    1.524070165e-09 2.643242455e-31 1.782424645e-07 4.781918796e-07 126.8238413    94.75216119    
181      NO_ID      0.7370935921   2.515458789e-09 2.347503461e-18 30458.93189    2.051003758e-09 1.571038471e-31 1.877299559e-07 1.711074086e-07 110.2566487    78.18496859    
182      NO_ID      0.6499173825   4.222878446e-09 7.702254477e-19 6283.751388    8.946752134e-10 1.317469567e-30 1.010203599e-06 2.650154818e-07 121.0224005    88.95072034    
183      NO_ID      0.687812441    2.678219044e-09 1.493705893e-18 139032.9704    6.472348931e-10 9.673041776e-32 6.12376129e-08 1.235003024e-07 117.3468208    85.2751407     
184      NO_ID      0.7911109409   2.72411311e-09 1.208560272e-18 17451.85747    5.562252413e-10 4.958052774e-31 4.308198255e-07 4.275560349e-07 106.4417996    74.37011945    
185      NO_ID      0.6520403284   3.962068521e-09 1.202214532e-18 14615.12401    2.865909276e-10 7.708030342e-31 1.642061128e-07 1.06175345e-07 119.557165     87.48548485    
186      NO_ID      0.7111844648   3.075059129e-09 8.127358657e-19 38715.47805    6.628173973e-10 6.629258495e-31 6.609230781e-07 5.049927062e-07 118.0979862    86.02630612    
187      NO_ID      0.6534510025   3.43232458e-09 3.141595456e-18 129137.2444    6.04671387e-10 4.131194752e-31 9.6293463e-07  2.897774559e-07 119.7502298    87.67854971    
188      NO_ID      0.7285698262   3.156181125e-09 7.137198903e-19 108287.0449    2.127938314e-10 5.577537842e-31 1.37272743e-07 5.620643102e-07 603.1428901    571.07121      
189      NO_ID      0.8434530196   3.655437717e-09 4.531832133e-18 20766.09964    3.768552129e-10 3.753921922e-31 1.131743227e-07 7.951897908e-07 100.1313023    68.05962218    
190      NO_ID      0.6261621502   2.300630646e-09 2.201137026e-18 36837.95338    5.099724881e-10 4.735949504e-31 7.100203366e-08 4.433222866e-07 328.3013249    296.2296448    
191      NO_ID      0.752413591    2.818516738e-09 7.172122112e-19 57312.86415    4.734535687e-10 1.754263497e-31 3.665885307e-07 6.615353105e-07 112.6134093    80.54172916    
192      NO_ID      0.7156917728   3.866786415e-09 3.264738722e-18 81100.39969    6.78557008e-10 1.675171967e-31 1.593265737e-07 6.377020925e-07 112.9055934    80.83391327    
193      NO_ID      0.689754955    3.483298672e-09 1.75457118e-18 16619.63903    7.333360936e-10 1.060090919e-30 1.127257839e-07 9.381039642e-07 115.7492785    83.6775984     
194      NO_ID      0.7775487363   3.909844848e-09 1.86165701e-18 24119.20396    4.991935832e-10 1.248745518e-30 2.625449591e-07 4.709554297e-07 107.008411     74.93673083    
195      NO_ID      0.7082915513   2.198329112e-09 5.995844844e-19 33636.47543    1.457145241e-09 2.173243041e-31 2.946645518e-07 5.016861844e-07 133.385815     101.3141349    
196      NO_ID      0.6573063304   2.329096909e-09 6.288393675e-19 17718.28535    3.38247739e-10 5.134527825e-31 2.924265876e-07 2.916686703e-06 855.4246367    823.3529565    
197      NO_ID      0.7296297207   2.549442555e-09 4.223993589e-18 18924.71175    5.419476304e-10 9.917677403e-31 2.175809333e-07 6.153594885e-07 111.5177862    79.44610608    
198      NO_ID      0.672072502    3.327276892e-09 2.384069688e-18 29034.73809    2.481548586e-10 2.964515863e-31 2.535232075e-07 3.117006941e-07 118.4106124    86.33893224    
199      NO_ID      0.6280046162   2.9565239e-09  1.326593933e-18 15940.9158     1.10920613e-09 7.14581228e-31 8.901606994e-08 4.325307823e-07 535.4505085    503.3788284    
200      NO_ID      0.6295639667   2.491125384e-09 3.19966555e-18 27586.01347    3.224730973e-10 1.222456632e-31 2.13334292e-07 6.19715282e-07 123.0446574    90.97297725    
201      NO_ID      0.6150019906   3.296497364e-09 1.140022136e-18 12160.4338     1.130832538e-09 4.446308927e-31 1.229623964e-07 1.292951649e-06 125.4971206    93.42544049    
202      NO_ID      0.5880894147   3.237689377e-09 2.644074412e-18 33335.92763    8.46984263e-10 9.511252489e-31 2.279386481e-07 4.957518267e-07 126.545441     94.47376088    
203      NO_ID      0.6239843345   3.769834108e-09 3.883512581e-18 27229.07368    4.395253645e-10 1.805153649e-31 8.610175958e-07 8.329164421e-08 123.0499674    90.97828728    
204      NO_ID      0.6101789085   2.063896308e-09 2.311546189e-18 25697.89245    4.237022495e-10 1.440884951e-30 3.58238859e-07 1.738092769e-07 24722.5775     24690.50582    
205      NO_ID      0.707865782    3.422098275e-09 4.902867863e-18 26470.77784    7.862031878e-10 1.503380196e-30 3.634256437e-07 1.017905223e-06 113.4744029    81.40272279    
206      NO_ID      0.7267683211   4.131893221e-09 1.648735153e-18 7063.652511    4.745792869e-10 8.618465306e-32 3.097353367e-07 3.774768464e-07 111.7864729    79.71479277    
207      NO_ID      0.7130361234   1.653605208e-09 2.119255889e-18 19005.82728    4.344237322e-10 5.565172523e-31 1.054362311e-07 1.05902432e-06 544.2084491    512.136769     
208      NO_ID      0.5742499808   2.890515883e-09 7.825832374e-19 88336.05584    5.063259121e-10 1.296988657e-30 1.922698672e-07 4.127323988e-07 412267.7486    412235.6769    
209      NO_ID      0.6540022601   2.916343977e-09 3.558401296e-19 26309.43751    7.431448583e-10 2.304896681e-31 6.972237413e-07 2.339412851e-07 183.0844978    151.0128177    
210      NO_ID      0.6313481663   2.879767966e-09 1.334424728e-18 37840.93492    2.010608933e-10 8.730115818e-31 2.389931261e-07 2.855061587e-07 1541.891872    1509.820191    
211      NO_ID      0.7094137445   2.631550647e-09 8.813138929e-19 22907.28769    9.868897864e-10 1.011354156e-30 1.710635616e-07 2.284033159e-07 675.0500567    642.9783766    
212      NO_ID      0.7342777485   2.442066927e-09 1.590707481e-18 33162.60881    5.376073255e-10 2.066775638e-31 2.394936356e-07 1.043547339e-06 111.9555011    79.88382094    
213      NO_ID      0.811591214    2.847666618e-09 2.403824587e-18 34622.8546     4.664346521e-10 1.404300133e-31 1.004921762e-07 4.010066273e-07 103.2280382    71.15635809    
214      NO_ID      0.6219221031   2.595729792e-09 3.586620298e-18 60998.55454    9.201462881e-10 7.791658202e-31 1.883714093e-07 7.14106941e-07 122.8744406    90.80276051    
215      NO_ID      0.7170326197   4.420144813e-09 1.680027571e-18 21136.50913    3.956550699e-10 2.943537853e-31 1.272576098e-06 1.588049469e-07 113.1441863    81.07250616    
216      NO_ID      0.8220896373   2.913795221e-09 5.247886326e-19 21428.18076    8.071807571e-10 3.839413722e-31 2.676429757e-07 1.038572768e-06 117.7058433    85.6341632     
217      NO_ID      0.6707733535   3.023704244e-09 3.677368503e-18 31098.76504    2.379683144e-10 3.263573916e-31 2.709485047e-08 1.916031119e-07 118.3633865    86.29170637    
218      NO_ID      0.6730881033   3.822055621e-09 2.280636408e-18 93379.6064     4.213264361e-10 4.709011928e-31 7.726179933e-07 1.414025171e-07 118.1898553    86.11817521    
219      NO_ID      0.7651206879   3.253389911e-09 1.804729651e-18 29635.44959    2.798746602e-10 3.22630067e-31 1.319628935e-07 2.767761979e-07 108.2208093    76.1491292     
220      NO_ID      0.7915874626   3.880500059e-09 1.294815475e-17 23270.25952    2.276871723e-09 5.629222911e-31 1.105541192e-07 2.961307365e-07 104.516305     72.44462482    
221      NO_ID      0.591463914    1.875523377e-09 1.081146236e-18 16051.68247    3.855033598e-10 7.860106795e-31 1.321909282e-07 9.640657931e-07 39943.89766    39911.82598    
222      NO_ID      0.7464958778   4.399272629e-09 4.036882591e-19 56340.25304    5.92965378e-10 6.925712273e-31 1.762055972e-07 2.646613434e-06 341.6776304    309.6059503    
223      NO_ID      0.8328326794   3.356368151e-09 2.758447744e-18 21303.24174    4.010543618e-10 7.911366858e-31 3.310728836e-08 3.676553212e-07 100.9623485    68.89066836    
224      NO_ID      0.7848592237   2.971731598e-09 1.385965392e-18 28382.34668    1.3611721e-10  3.800195192e-31 7.942552964e-08 2.401197021e-07 168.2912135    136.2195334    
225      NO_ID      0.6953768497   3.229056323e-09 3.002360132e-18 90966.02816    1.814101874e-10 5.425696805e-31 2.067279008e-07 2.677534562e-07 115.8833693    83.81168916    
226      NO_ID      0.6342733491   2.961147596e-09 1.63629958e-18 10144.66446    2.218583414e-10 3.543444618e-31 7.805362926e-08 2.066085173e-07 209.69974      177.6280599    
227      NO_ID      0.7497824511   3.044655387e-09 4.950190479e-18 16985.80097    1.912881632e-10 6.070868352e-31 6.025012205e-07 1.761505512e-07 110.0425176    77.97083745    
228      NO_ID      0.7591114567   3.639822805e-09 1.813403035e-18 62404.22278    5.140646553e-10 1.021623391e-31 2.867357091e-07 2.370359578e-06 108.7995275    76.72784733    
229      NO_ID      0.7612034312   2.335246311e-09 1.879881759e-18 85765.85025    5.462920243e-10 2.290613522e-30 1.280025583e-07 1.671616509e-07 119.5238639    87.45218373    
230      NO_ID      0.793437518    2.427870913e-09 5.512617417e-18 39448.66217    4.564593928e-10 9.202797981e-31 5.59798144e-08 7.296883289e-07 105.1182803    73.04660022    
231      NO_ID      0.676102889    4.074841802e-09 2.90448152e-18 36597.99128    7.302431185e-10 1.333787472e-31 2.478615393e-07 5.647277369e-07 116.6898151    84.61813495    
232      NO_ID      0.719794324    3.213092139e-09 2.472660651e-18 21909.53332    7.691113366e-10 1.600198745e-30 4.445609984e-07 1.925954587e-07 112.6614688    80.58978865    
233      NO_ID      0.7346630663   3.528257168e-09 1.26159092e-18 94589.06863    4.623949985e-10 2.023088344e-31 2.550329621e-07 3.790909805e-07 112.1945249    80.12284478    
234      NO_ID      0.8380852845   3.017845465e-09 3.958384002e-18 67705.24095    3.028232492e-10 7.31441856e-31 2.708959394e-07 3.630689751e-07 101.2992272    69.22754712    
235      NO_ID      0.7503684301   2.144369202e-09 1.471989194e-18 34839.52348    2.617077137e-10 4.645265e-31   1.598931983e-07 5.362211479e-07 299.506254     267.4345738    
236      NO_ID      0.6570207345   3.344178919e-09 4.690485168e-19 46345.02815    6.115704371e-10 1.794517576e-31 4.80634146e-07 8.988931954e-07 123.5212616    91.44958142    
237      NO_ID      0.6597259701   2.726663623e-09 1.166148383e-18 41291.52266    1.830607745e-09 8.239969264e-31 1.518906959e-07 1.882668007e-06 231.2924276    199.2207474    
238      NO_ID      0.7141494536   4.103596615e-09 2.053682177e-18 31352.57623    5.401907708e-10 5.677497207e-31 8.262708275e-07 8.197722611e-07 113.3034302    81.23175009    
239      NO_ID      0.6769143674   3.27394761e-09 1.235798805e-18 32963.67735    1.549820645e-10 4.616529998e-31 2.259360465e-07 5.164328868e-07 137.2082787    105.1365986    
240      NO_ID      0.7030536801   3.498996746e-09 2.211377865e-18 21766.90249    2.268465294e-09 2.61560755e-30 5.057359468e-07 4.808609092e-07 113.9660825    81.89440234    
241      NO_ID      0.7303108778   4.307894478e-09 2.186942882e-18 17034.39143    2.948734816e-10 1.669162115e-30 3.771281339e-07 4.768620317e-07 111.7600038    79.68832366    
242      NO_ID      0.6826735829   2.55336416e-09 2.705810273e-18 221304.1849    1.5607339e-09  4.48254667e-31 1.329959492e-07 7.754664125e-07 117.1937709    85.12209077    
243      NO_ID      0.717127576    3.015091127e-09 1.193564928e-18 51869.58989    7.188240799e-10 6.516320066e-31 1.061203932e-07 2.639555722e-07 180.784795     148.7131148    
244      NO_ID      0.6441351575   3.139469811e-09 1.49146268e-18 42509.01775    1.732885087e-10 4.078993999e-31 1.154698196e-07 7.72965132e-07 234.1706368    202.0989566    
245      NO_ID      0.7056254557   2.904794039e-09 4.676386766e-18 65400.16102    7.061695902e-11 3.655086704e-31 2.428602139e-07 5.442919243e-07 114.3058843    82.2342042     
246      NO_ID      0.6695371205   3.383711574e-09 2.238904711e-18 32092.55108    2.684532505e-10 2.496859499e-31 5.969310141e-07 2.533561597e-07 118.7150934    86.64341326    
247      NO_ID      0.7211152458   3.606920358e-09 1.40996716e-18 23122.64443    2.544657098e-10 5.179405868e-31 1.563902079e-07 2.035695872e-07 112.3869448    80.31526472    
248      NO_ID      0.7398780112   1.917777413e-09 1.529211078e-18 6756.233464    4.69432879e-10 1.625877156e-31 8.418189731e-07 2.298017666e-06 110.7693216    78.69764147    
249      NO_ID      0.6794962392   3.924499018e-09 2.689034287e-18 55539.54284    6.943773638e-10 1.521133651e-30 1.147779747e-07 5.08346031e-07 116.8597441    84.78806401    
250      NO_ID      0.5937864468   2.247928322e-09 6.501044016e-19 7486.407465    1.175650392e-09 2.525586599e-31 1.034764112e-07 4.140101857e-07 522.5062581    490.434578     
251      NO_ID      0.6325999321   3.510201306e-09 1.075635485e-18 5299.120453    6.404186789e-10 2.614447589e-31 6.695688947e-08 2.124860357e-07 122.0138905    89.94221035    
252      NO_ID      0.7800654679   2.377192124e-09 3.918775802e-18 19324.26789    1.915347872e-09 3.454819754e-31 1.909563797e-07 1.72531928e-07 106.0976162    74.02593605    
253      NO_ID      0.6623509805   3.99997378e-09 2.911373397e-18 14436.23889    5.872589885e-10 6.485428573e-31 1.178877293e-06 2.025693594e-06 118.4262762    86.35459611    
254      NO_ID      0.6488643612   3.307681041e-09 1.743800906e-18 3920.425264    2.272913405e-10 9.321553609e-32 6.78728795e-08 3.60269234e-07 120.6434458    88.5717657     
255      NO_ID      0.667463156    2.266404513e-09 2.099130136e-18 25123.38742    1.201053446e-10 2.362600055e-31 8.878507329e-07 1.155310043e-06 118.8795296    86.80784945    
256      NO_ID      0.7235871569   4.295600816e-09 1.952667474e-18 121028.2429    1.128117972e-09 4.005607601e-31 4.183421317e-07 4.924800026e-07 111.9706868    79.89900663    
257      NO_ID      0.6895078209   4.702391256e-09 3.854425117e-18 58960.9112     1.142820309e-09 2.138738019e-31 4.043592053e-07 1.121071843e-06 114.7774265    82.70574638    
258      NO_ID      0.781076455    4.451381484e-09 2.339472184e-18 18778.48312    7.469853975e-10 7.422982065e-31 3.567466981e-07 4.716485949e-07 106.2925244    74.2208443     
259      NO_ID      0.6214852137   2.498643173e-09 2.065721444e-18 13475.39125    3.308410552e-09 3.061387262e-31 1.011971872e-07 5.533611603e-07 121.3608135    89.28913341    
260      NO_ID      0.5794370462   2.623514383e-09 1.92621494e-18 69399.80882    2.098727823e-10 1.039245006e-30 4.072648866e-08 1.069345707e-06 24108061.51    24108029.44    
261      NO_ID      0.7240549902   2.186105829e-09 3.906351944e-18 13987.77405    2.135116862e-09 1.195700079e-30 2.488037307e-07 1.468983511e-07 111.4121742    79.3404941     
262      NO_ID      0.7106240299   3.62883871e-09 3.051202818e-18 46143.95942    2.707588967e-10 3.865912385e-31 1.481404451e-07 4.173321701e-07 114.1506459    82.07896578    
263      NO_ID      0.7376176171   2.940996865e-09 4.769035584e-18 74606.07784    4.258347339e-10 2.201063323e-30 3.681865319e-07 9.04391384e-07 111.2448714    79.17319129    
264      NO_ID      0.6425924919   2.085061713e-09 2.392940504e-18 30302.13669    1.727689999e-10 2.255410451e-31 2.367753027e-07 7.328561835e-07 121.740208     89.66852784    
265      NO_ID      0.8732500743   2.562410356e-09 1.740587202e-18 34084.86324    2.154701017e-10 2.840088237e-31 6.181510347e-08 9.946295041e-07 97.07731348    65.00563335    
266      NO_ID      0.8070392245   2.978043242e-09 9.107050776e-19 26968.76982    1.242277448e-09 3.150077614e-31 5.153409032e-08 1.848786272e-07 108.4302788    76.35859869    
267      NO_ID      0.7262070883   3.102073097e-09 2.569600582e-19 22843.55258    5.59957433e-10 4.508845396e-31 3.28386749e-07 1.740337744e-06 451.8290752    419.7573951    
268      NO_ID      0.6885559914   3.056448552e-09 1.299515366e-18 38564.53317    5.498671589e-10 1.113335822e-30 1.066858774e-07 4.42123672e-07 995.7054383    963.6337582    
269      NO_ID      0.7816076606   2.851992118e-09 3.448764388e-18 11096.39975    1.356854759e-09 4.695255317e-31 2.437262793e-07 7.215920985e-07 105.9632258    73.89154565    
270      NO_ID      0.7231630448   3.935749671e-09 1.259164523e-18 31968.08453    3.753557412e-10 1.139019868e-30 1.409531258e-07 2.088477614e-07 115.0380202    82.96634009    
271      NO_ID      0.6476124275   1.9425591e-09  1.872556978e-18 29368.81555    8.160724038e-10 4.404853709e-31 8.3920211e-08  3.378332784e-07 380.3858981    348.314218     
272      NO_ID      0.6528194857   3.692057706e-09 2.544630513e-18 6087.167045    1.567799131e-09 2.379741429e-31 5.270100563e-08 7.489223342e-07 117.9647122    85.89303206    
273      NO_ID      0.7888093336   2.617030256e-09 2.33009145e-18 30146.40031    5.79280104e-10 3.902628834e-31 1.04281813e-06 6.077560876e-07 105.9607105    73.88903036    
274      NO_ID      0.6997958189   1.979629437e-09 9.837601177e-19 7851.608049    6.666476951e-10 6.153680405e-31 1.254717664e-07 1.18172332e-06 739.2823508    707.2106706    
275      NO_ID      0.7381809058   3.956114337e-09 1.831499877e-18 61363.02329    8.341022437e-09 4.242229017e-31 2.213879274e-07 2.187503076e-06 110.7016736    78.62999352    
276      NO_ID      0.7491104284   4.254122257e-09 2.422446513e-18 84701.97802    6.008947799e-10 1.15933028e-31 9.96121309e-08 2.925443138e-07 109.442652     77.37097185    
277      NO_ID      0.6964122456   2.292945265e-09 7.834245206e-18 45025.52069    8.669436384e-10 3.434901784e-31 4.368569613e-08 3.732270373e-07 114.5831888    82.51150865    
278      NO_ID      0.8210108623   3.723927206e-09 9.356122478e-19 98024.68643    1.065990255e-09 2.214860689e-30 1.690236467e-07 1.385912251e-06 189.7554608    157.6837807    
279      NO_ID      0.7526242013   2.717482744e-09 2.659677438e-18 74135.71682    3.576323124e-10 3.574361922e-31 2.464418225e-07 3.480243311e-07 109.8838516    77.81217145    
280      NO_ID      0.6461022375   3.534238664e-09 1.055104421e-18 14831.71529    1.738987719e-09 1.018766588e-30 1.659174652e-07 1.901604086e-07 175.7488727    143.6771926    
281      NO_ID      0.736362385    1.558046968e-09 1.315500161e-18 82329.52842    3.319971225e-10 4.05565418e-31 4.68421256e-07 7.685017352e-07 298.8074449    266.7357647    
282      NO_ID      0.7409433483   2.685175697e-09 9.734863473e-18 11933.29504    3.729600375e-10 6.399600462e-31 1.463266341e-07 8.831384024e-07 110.706342     78.63466188    
283      NO_ID      0.7862116458   2.930214602e-09 6.318442994e-18 29308.58386    9.547131878e-10 6.030294163e-31 6.826102576e-07 2.491858537e-06 105.7642406    73.69256047    
284      NO_ID      0.6447940381   2.438471753e-09 4.336876396e-18 99432.50492    1.898049887e-09 5.794189374e-31 7.640559885e-08 3.223466283e-07 119.7061763    87.63449617    
285      NO_ID      0.7663118113   2.896253879e-09 5.210362626e-18 19191.54033    6.969999435e-10 1.624986835e-30 9.001129079e-08 3.570012392e-07 107.6179967    75.54631658    
286      NO_ID      0.7066870491   3.039219373e-09 1.628853826e-18 24548.77502    1.96703612e-09 7.180508131e-31 3.746671963e-07 5.8728463e-07  113.8963689    81.82468882    
287      NO_ID      0.6970061401   4.095228451e-09 2.372691769e-18 8420.167923    5.323991266e-10 6.269123015e-31 3.924368108e-07 5.808682963e-07 114.7955747    82.72389454    
288      NO_ID      0.6958978103   2.236934575e-09 1.093868701e-17 23746.29217    5.675411485e-10 1.376717496e-30 2.518231619e-07 8.931537437e-07 115.0506258    82.97894565    
289      NO_ID      0.7559041475   3.709985628e-09 2.174641367e-18 8977.388482    9.090403781e-10 4.022127824e-31 2.770884992e-07 6.48412966e-07 108.4631096    76.39142952    
290      NO_ID      0.6923557029   3.348211653e-09 1.068000272e-18 7679.592461    9.409559428e-10 6.997240651e-31 3.321412532e-07 9.153690703e-07 115.9114616    83.83978146    
291      NO_ID      0.6358585846   2.414924436e-09 1.403997072e-18 89550.98871    2.995528213e-10 9.154082788e-31 6.902109694e-08 3.070205832e-07 79946.67256    79914.60088    
292      NO_ID      0.7187367937   2.222358167e-09 3.109136458e-18 24035.23757    1.146596762e-09 2.186945725e-31 1.982518847e-07 2.242956389e-07 112.189129     80.11744891    
293      NO_ID      0.5731447962   2.74086729e-09 1.013462718e-17 35560.31964    3.484266393e-10 2.675781983e-31 1.09013263e-07 1.667371756e-06 129.4538693    97.38218921    
294      NO_ID      0.7509240632   3.036530722e-09 1.318500974e-18 50316.18467    7.126926426e-10 5.613423479e-31 2.780121029e-07 5.996921707e-07 111.2179885    79.1463084     
295      NO_ID      0.6942758051   2.749798184e-09 4.181940535e-18 60048.16665    3.846349373e-09 1.00476824e-30 5.720938133e-07 1.071403546e-07 112.2407631    80.16908299    
296      NO_ID      0.7323926925   3.892488382e-09 8.671192233e-19 6963.342721    8.767359473e-10 9.949156356e-31 6.294277779e-07 4.61450482e-07 111.8560435    79.78436339    
297      NO_ID      0.6726727917   3.41785388e-09 4.151128212e-18 21250.57448    4.050641467e-10 5.405686811e-31 1.352610665e-07 8.471835284e-07 117.7548906    85.68321044    
298      NO_ID      0.801321159    2.37960971e-09 8.783086276e-19 45528.2396     9.776428236e-10 5.77415877e-31 1.122762086e-07 1.276581134e-06 307.8519396    275.7802595    
299      NO_ID      0.7148831884   2.964464455e-09 1.605391545e-18 22543.47103    6.181634075e-10 1.190752108e-30 1.805274458e-07 2.679273609e-06 116.3799325    84.30825237    
300      NO_ID      0.6777969084   3.459733319e-09 1.053179136e-17 25959.2223     2.004329729e-09 9.846690062e-31 1.360587738e-07 6.334350321e-07 115.4739647    83.40228455    
301      NO_ID      0.6741372239   2.865674936e-09 8.426184799e-18 25494.91356    5.71025429e-10 2.143306209e-31 3.351398217e-07 1.372835153e-07 117.1810159    85.10933573    
302      NO_ID      0.6910802852   2.609144594e-09 2.962108827e-19 47097.3827     5.858353517e-11 1.662346077e-31 8.894158891e-08 3.05046791e-07 732.5620484    700.4903682    
303      NO_ID      0.775523338    3.858969668e-09 1.106559044e-18 30744.87201    4.332945094e-10 2.728870235e-31 3.38991636e-07 3.858946441e-07 107.5658717    75.4941916     
304      NO_ID      0.7308819047   2.641681197e-09 1.121134843e-18 34924.62418    1.278498437e-09 1.857526446e-31 2.155435003e-07 2.566954072e-07 112.5932384    80.52155822    
305      NO_ID      0.719191999    3.126959976e-09 6.982686684e-18 83837.08655    7.09723326e-10 1.583792394e-30 1.745418238e-07 4.196304978e-07 112.5787244    80.50704425    
306      NO_ID      0.6776208983   2.777061677e-09 1.433534064e-18 21038.25889    6.054971804e-10 1.119894728e-30 5.843449475e-07 1.219338106e-06 119.693874     87.62219388    
307      NO_ID      0.725647006    3.514886947e-09 1.84164789e-18 28554.14165    7.840321372e-10 1.834007266e-30 5.411626159e-07 3.402951918e-07 112.5085325    80.4368524     
308      NO_ID      0.703482543    2.521185841e-09 7.320424641e-19 42646.29313    3.508775376e-10 5.117543709e-31 2.402725354e-06 2.165790364e-07 118.2860366    86.2143565     
309      NO_ID      0.6263381093   4.506140255e-09 5.44966351e-18 27324.90456    3.533096113e-10 3.477793524e-31 6.305626311e-08 1.79264065e-07 123.1741169    91.10243676    
310      NO_ID      0.6702758777   3.312728137e-09 5.030751844e-18 2264.543933    1.290775265e-10 7.588347277e-31 1.865004639e-07 2.353051978e-07 118.1759447    86.10426457    
311      NO_ID      0.6820635597   3.124290418e-09 5.099414243e-19 27958.85182    1.226151403e-09 3.818438928e-31 3.446988319e-07 1.379031631e-06 129.511557     97.43987682    
312      NO_ID      0.6644244219   3.171460248e-09 3.807542698e-18 13215.01171    9.673706307e-11 6.249318338e-31 1.264159012e-07 3.0293936e-07  118.1080401    86.03635994    
313      NO_ID      0.6615068981   3.178768359e-09 6.756753276e-19 12955.37281    1.119517327e-09 2.11776593e-30 2.609759724e-07 6.109734216e-07 1370.301096    1338.229416    
314      NO_ID      0.8132354104   3.619214181e-09 3.301953783e-18 8710.964403    1.406320813e-09 5.855156151e-31 2.010789693e-07 4.060619401e-07 103.0242815    70.95260137    
315      NO_ID      0.6930757753   2.364941416e-09 4.366777813e-18 15698.23383    4.11186175e-10 2.906111351e-30 1.567640503e-07 5.029787399e-07 384570.0088    384537.9371    
316      NO_ID      0.6354518593   2.574501298e-09 1.724135884e-18 37357.64607    1.332117622e-09 9.363434941e-31 5.148153274e-07 1.018065798e-07 120.1628313    88.09115112    
317      NO_ID      0.7546415338   2.870395673e-09 2.146651466e-18 60708.99606    3.361240222e-10 1.391418273e-30 5.920619162e-08 5.289024435e-07 954.3789784    922.3072982    
318      NO_ID      0.6873896878   2.855864447e-09 5.366922112e-18 18656.8957     6.557045379e-10 8.070904502e-31 1.891726072e-07 4.213146765e-07 115.6611769    83.58949682    
319      NO_ID      0.634500548    2.671125943e-09 1.459321046e-18 24605.8872     1.043851722e-09 4.413462224e-31 2.855664274e-07 3.726905136e-07 123.216132     91.14445183    
320      NO_ID      0.6983803154   3.398284864e-09 2.095267962e-18 50005.49441    1.308083726e-09 1.216575408e-30 2.253640846e-07 1.316420672e-06 115.021166     82.9494859     
321      NO_ID      0.6736966326   2.878142045e-09 5.833797632e-19 16888.72752    9.149940697e-10 5.996519682e-31 3.805305454e-07 6.662324197e-07 352.7650958    320.6934156    
322      NO_ID      0.6829319097   3.026127034e-09 1.250148867e-18 8901.501512    1.09013271e-09 5.469643345e-31 6.24256474e-07 1.49102498e-07 116.4323934    84.36071329    
323      NO_ID      0.7002530078   2.780552237e-09 6.408698504e-18 36225.49008    1.880946806e-10 2.577976612e-31 4.558015872e-08 8.436096554e-07 115.4966047    83.42492456    
324      NO_ID      0.7470912155   2.597627817e-09 1.948127982e-18 41614.96205    5.973519504e-10 3.05684154e-30 1.749208768e-07 3.956011353e-07 1326.636763    1294.565082    
325      NO_ID      0.6915977932   2.39040158e-09 1.376340954e-17 19484.24535    8.848191733e-10 6.668310119e-31 7.550861471e-08 1.352003021e-07 114.9217338    82.85005368    
326      NO_ID      0.7353834177   3.060816241e-09 3.309355337e-19 38216.08775    1.293481782e-09 3.3747266e-31  1.85184328e-07 6.228851565e-07 295.4111438    263.3394637    
327      NO_ID      0.704599694    2.754480869e-09 6.550314629e-19 36910.15101    4.085229389e-10 3.196050092e-31 2.303580613e-07 7.249584386e-07 262.5979341    230.526254     
328      NO_ID      0.6394342291   4.175845355e-09 5.449983649e-19 27106.64705    3.017676021e-10 3.512729665e-31 1.686697166e-07 9.790218714e-07 323.3560192    291.2843391    
329      NO_ID      0.6844124896   2.475251097e-09 9.929540133e-19 40906.41478    4.032852746e-10 2.896389358e-31 1.454270005e-07 3.263712863e-07 230.6679102    198.5962301    
330      NO_ID      0.6628531251   3.245649296e-09 2.016664638e-18 27406.43473    5.94625245e-10 8.318640586e-31 1.53525392e-07 3.882140586e-07 118.7244722    86.65279209    
331      NO_ID      0.7463125549   2.946864658e-09 2.510046514e-18 43632.95472    6.232495109e-10 2.046651924e-31 2.983826785e-07 7.039355357e-07 109.9761499    77.90446978    
332      NO_ID      0.6938182271   3.167575012e-09 1.226314752e-18 37150.31349    4.499111221e-10 1.092011979e-30 3.503161923e-08 7.980974336e-07 1665.485023    1633.413343    
333      NO_ID      0.7768054118   1.921017853e-09 5.983767108e-18 106068.7382    1.957055868e-09 2.398584854e-31 3.995342527e-07 3.894563914e-06 106.3135992    74.24191903    
334      NO_ID      0.6652781071   3.447758594e-09 2.612630384e-18 9850.507358    3.254068866e-10 4.933646831e-31 1.581814992e-07 4.314265959e-07 118.4623949    86.39071479    
335      NO_ID      0.686991329    3.852354883e-09 4.021458488e-18 15370.78873    1.024895389e-09 6.104772146e-31 2.741969642e-07 6.877404488e-07 115.1182541    83.04657401    
336      NO_ID      0.718178735    2.732810849e-09 1.516881455e-18 67919.23089    2.344128519e-09 1.620190889e-31 1.555703604e-07 1.455289611e-07 112.9509278    80.87924763    
337      NO_ID      0.6992930388   3.187848607e-09 4.559769469e-18 38174.27511    2.438162955e-09 1.393592831e-31 1.541122949e-07 3.239737257e-07 113.3006501    81.22897001    
338      NO_ID      0.8005728144   2.715492977e-09 3.98644823e-18 40350.63742    4.872109343e-10 2.70123265e-31 1.479421829e-06 6.983868856e-07 104.7895021    72.71782197    
339      NO_ID      0.5633047789   1.33242993e-09 2.456939123e-18 49449.94321    6.877293232e-10 4.357208202e-32 2.642276836e-07 2.250739523e-07 130.1722969    98.10061673    
340      NO_ID      0.7660616972   3.151182924e-09 3.146547257e-18 71894.98541    8.981489638e-10 2.261252896e-31 1.207216885e-07 7.640400276e-07 107.7700878    75.6984077     
341      NO_ID      0.7330013249   2.981533434e-09 4.076453615e-18 69876.91712    4.528891642e-10 5.760314583e-31 4.200788857e-07 8.615261489e-07 111.5936404    79.52196027    
342      NO_ID      0.5561569713   4.115485867e-09 4.427990682e-18 4928.707362    5.269053946e-10 8.253546092e-31 1.271648332e-07 3.918608735e-07 130.1549989    98.08331881    
343      NO_ID      0.6800654495   2.933475797e-09 2.744300175e-18 9281.70018     4.976922092e-10 8.88073314e-31 1.187458533e-07 4.239885938e-07 116.1576973    84.08601717    
344      NO_ID      0.5839611613   3.287980342e-09 1.023794806e-18 32323.32119    1.016864754e-09 1.702819811e-30 9.733265495e-08 1.026174831e-06 200614723.5    200614691.4    
345      NO_ID      0.6712471549   3.775802446e-09 3.084939689e-18 18081.66316    1.626834684e-10 4.668589134e-31 3.199371864e-07 1.240158221e-07 118.5573991    86.48571899    
346      NO_ID      0.7059751874   1.386026885e-09 7.179004402e-18 10712.4907     4.519099358e-10 8.386560944e-32 1.100759122e-07 5.937986246e-07 113.9491542    81.87747411    
347      NO_ID      0.745565369    2.858793877e-09 8.587701128e-19 16686.28297    2.221740393e-09 9.712566297e-31 1.144553668e-07 3.25877689e-07 384.931821     352.8601409    
348      NO_ID      0.7616876385   2.808108045e-09 4.967904884e-18 10392.74797    3.301522527e-10 3.967716595e-31 8.771097679e-08 4.987436971e-07 108.5448469    76.47316675    
349      NO_ID      0.6178885709   2.761265744e-09 3.842733251e-19 19976.41675    1.772097624e-09 4.222980876e-31 1.366912189e-07 2.22810601e-06 712.2409571    680.169277     
350      NO_ID      0.741307191    3.359843499e-09 4.043808737e-18 14980.99076    1.215194874e-09 1.225597695e-30 4.282174402e-07 1.551060997e-07 109.7721366    77.70045651    
351      NO_ID      0.7449840286   2.811098254e-09 8.396458057e-19 28099.09982    6.522485624e-10 6.610052628e-31 2.584645078e-07 2.224934055e-07 228.178246     196.1065659    
352      NO_ID      0.6590862872   3.190947449e-09 4.190624262e-18 31524.31331    2.176009814e-10 2.743600728e-31 2.091313151e-07 4.15392296e-07 119.9997181    87.92803793    
353      NO_ID      0.6512384631   2.823634347e-09 5.317545299e-18 44005.61923    4.370933712e-10 6.82569194e-31 5.696926662e-07 3.463421616e-07 120.2116945    88.14001436    
354      NO_ID      0.6657374275   3.302861457e-09 2.01407744e-18 63182.48388    9.033574101e-10 3.887563001e-31 1.246184218e-07 4.506313221e-07 118.4542422    86.38256211    
355      NO_ID      0.7751285722   3.470264818e-09 5.257537171e-18 49161.41465    3.63227533e-10 7.484660487e-31 2.561708795e-07 3.654868746e-07 107.34369      75.27200984    
356      NO_ID      0.8954461919   2.591812472e-09 1.308243077e-18 122984.4954    6.863491871e-10 3.676246729e-31 2.753720822e-07 7.114558576e-08 95.64516189    63.57348176    
357      NO_ID      0.600737723    2.363261953e-09 8.262313258e-19 11489.72031    9.630438362e-10 1.868174999e-31 1.41041551e-07 3.429775328e-07 185.5194137    153.4477336    
358      NO_ID      0.6607795873   2.040873879e-09 2.844434202e-18 15526.25259    6.504995934e-10 3.400447416e-31 5.482721948e-07 7.451103914e-07 118.7102323    86.63855219    
359      NO_ID      0.7581407715   3.594164088e-09 4.545531111e-19 14898.90338    1.318362375e-09 1.203988176e-30 5.713613562e-08 3.31263219e-07 671.1701509    639.0984708    
360      NO_ID      0.7244371902   2.990532003e-09 4.711217325e-18 115810.8668    1.836691131e-10 1.837965081e-31 3.019132631e-07 2.840518428e-07 112.988043     80.91636282    
361      NO_ID      0.6370397861   2.35423737e-09 1.198740578e-18 12063.18856    7.04777148e-10 2.026069429e-31 2.965961027e-08 1.423985617e-06 213.0584865    180.9868064    
362      NO_ID      0.6850385835   2.626984887e-09 7.527052769e-19 20430.78609    1.197752998e-09 8.621872273e-31 2.372720989e-07 3.587591511e-07 588.6422482    556.5705681    
363      NO_ID      0.7139840893   3.947094987e-09 6.567852786e-18 52859.51831    6.154205615e-10 6.539674325e-31 1.210950577e-07 2.914415927e-07 113.0927907    81.02111055    
364      NO_ID      0.7394851967   2.13356149e-09 6.899269713e-19 16231.16558    5.472606006e-10 3.054337197e-31 3.061427071e-07 2.457710158e-07 244.8516258    212.7799457    
365      NO_ID      0.7349475383   2.761489546e-09 9.015874185e-19 42126.65016    3.465634395e-09 1.08600212e-30 1.041545796e-07 2.599551264e-07 420.2856422    388.213962     
366      NO_ID      0.7473235741   3.26918404e-09 6.438250533e-19 17227.77147    1.391681701e-10 9.082144718e-31 1.020852198e-07 2.447898819e-07 1159.340753    1127.269073    
367      NO_ID      0.6747532195   3.297703929e-09 1.619104304e-18 61858.27906    6.912003858e-10 1.090017378e-31 2.294294019e-07 1.074692683e-06 117.4621191    85.390439      
368      NO_ID      0.6753549307   3.052430906e-09 1.237484406e-18 47682.92661    9.969696184e-10 3.584572645e-30 2.340570252e-07 1.260796483e-06 2128.407088    2096.335408    
369      NO_ID      0.768985861    3.118516737e-09 1.609766299e-17 12398.00417    1.030957172e-09 1.034562496e-30 3.002613919e-07 1.176747593e-06 107.3013089    75.22962874    
370      NO_ID      0.7828723396   2.668996983e-09 5.589527149e-18 173180.0925    3.108534759e-10 4.330732979e-31 2.083533947e-07 5.900920773e-07 106.8537717    74.78209161    
371      NO_ID      0.7855841708   3.712864377e-09 4.269608549e-18 48975.41231    3.138248948e-10 4.47477331e-31 3.116412297e-07 9.199935949e-07 106.3915372    74.31985705    
372      NO_ID      0.6934084447   3.208128539e-09 8.118349799e-19 23651.84997    6.586406153e-10 1.475968809e-31 3.300207348e-07 3.200194067e-07 116.4654841    84.39380396    
373      NO_ID      0.60937644     2.925402137e-09 1.220121341e-18 32629.52141    9.315623322e-10 2.509259255e-30 3.143907183e-07 1.305224274e-07 125.5393644    93.46768432    
374      NO_ID      0.7426722087   2.107695626e-09 2.478471441e-18 40641.59028    4.77080185e-10 8.384743284e-31 1.812128638e-07 6.169071288e-07 112.3163717    80.24469161    
375      NO_ID      0.6332077722   2.792496105e-09 2.594906347e-18 58032.60504    4.181382327e-09 1.706205753e-31 2.009759282e-07 4.257690831e-07 119.7984449    87.7267648     
376      NO_ID      0.5781581201   3.64805963e-09 1.154439368e-18 39352.55382    4.586387139e-10 4.759710547e-31 1.432398558e-07 1.988103805e-06 151.959068     119.8873879    
377      NO_ID      0.6119598074   2.002183549e-09 1.937135972e-18 59307.37222    1.95997165e-10 3.095891527e-31 1.71594612e-07 8.734475988e-07 325.9512737    293.8795935    
378      NO_ID      0.6193122977   3.475586476e-09 2.4481274e-18  112708.7102    7.59531271e-10 4.546872966e-31 8.508615025e-08 1.244609517e-06 123.7972575    91.72557741    
379      NO_ID      0.720166754    3.117324755e-09 2.038965794e-18 30594.53496    1.188237913e-09 3.329833681e-31 1.288809871e-07 1.46882675e-06 112.2513316    80.17965144    
380      NO_ID      0.7222980142   3.588604981e-09 1.285918753e-18 82737.68862    1.077180449e-09 2.549429787e-31 8.16536514e-08 1.801803309e-07 113.2676088    81.19592868    
381      NO_ID      0.670025114    2.456381806e-09 5.797246007e-18 55988.55132    6.357726536e-10 5.89514192e-31 1.238100088e-07 6.815577153e-07 117.7116161    85.639936      
382      NO_ID      0.8512826631   2.408938707e-09 1.160903669e-18 20356.131      2.150920159e-09 2.902803915e-31 4.343290446e-07 2.318054338e-07 101.2135121    69.14183196    
383      NO_ID      0.6688749746   4.338588208e-09 8.953603293e-18 28264.0353     2.899632001e-10 9.25924516e-31 1.951221244e-07 9.68473347e-07 118.7257261    86.65404594    
384      NO_ID      0.7638141098   3.463662518e-09 3.190400284e-18 52366.29654    1.057755317e-09 2.097065732e-31 1.628276008e-07 2.205778932e-07 107.7154781    75.64379794    
385      NO_ID      0.6832478228   2.98362182e-09 6.187507319e-19 36371.1429     5.338253314e-10 9.437921578e-31 3.533376341e-07 4.583521366e-07 697.3681981    665.296518     
386      NO_ID      0.6244285641   3.1997515e-09  3.768630878e-18 12641.78759    2.326034481e-10 4.146666481e-31 3.232363593e-07 1.634470752e-07 123.7638619    91.69218173    
387      NO_ID      0.7766358351   2.340487712e-09 2.68328724e-18 5591.136277    5.539547896e-10 2.000921631e-31 1.959341175e-07 1.791246779e-06 106.7877712    74.71609105    
388      NO_ID      0.6813596804   3.727256078e-09 4.24931002e-19 17365.88169    6.309516398e-10 5.019168695e-31 3.951884609e-07 1.516755882e-07 117.6627912    85.59111106    
389      NO_ID      0.7319434497   3.11312876e-09 1.186474972e-18 53115.96594    3.33993942e-10 1.256859796e-30 4.011680777e-07 2.020313939e-07 185.0909518    153.0192717    
390      NO_ID      0.805296338    2.102184744e-09 2.537491777e-18 44791.66635    7.284855323e-10 1.075795207e-30 9.403923294e-07 4.362139777e-07 105.0082508    72.93657065    
391      NO_ID      0.7134737071   2.578954579e-09 3.64154178e-18 21591.99029    1.012535069e-09 1.345047744e-30 2.16816134e-07 2.098693163e-06 112.8589909    80.78731079    
392      NO_ID      0.7646324622   2.558002438e-09 1.349131417e-18 4273.639687    1.258036205e-09 2.874737061e-31 1.19716051e-07 6.933029723e-07 107.6602133    75.58853319    
393      NO_ID      0.7214643096   2.307040758e-09 6.83782689e-19 35893.30804    3.017401084e-09 6.707492955e-31 1.616014724e-07 2.806056888e-07 413.4155479    381.3438678    
394      NO_ID      0.7721426734   2.390136511e-09 8.927263867e-19 126058.9087    8.278385613e-10 3.993346411e-31 1.792608379e-07 3.329909081e-07 148.8295666    116.7578865    
395      NO_ID      0.6620000017   3.351414345e-09 7.784369467e-19 29771.79396    8.707108985e-10 3.772895855e-31 1.97403805e-07 2.815382147e-07 123.1271717    91.05549159    
396      NO_ID      0.72290027     2.798555351e-09 2.656560947e-18 19130.35946    1.053442233e-09 1.89525801e-31 1.830481362e-07 6.75746101e-07 111.7210559    79.64937576    
397      NO_ID      0.5188788736   3.031244579e-09 3.034035981e-18 26596.85031    4.910994318e-10 1.916529451e-31 2.122171068e-07 1.330475546e-06 135.3564568    103.2847766    
398      NO_ID      0.6202478714   3.066549727e-09 6.118671395e-18 35262.84321    1.24344373e-10 6.898974084e-31 2.140947585e-07 4.455297223e-07 124.7031004    92.63142024    
399      NO_ID      0.7826611298   4.830637462e-09 2.774392561e-18 91077.42793    4.798498346e-10 4.163918599e-31 3.265315631e-07 1.590227741e-06 106.5231356    74.45145547    
400      NO_ID      0.7840887468   2.022092575e-09 1.111417239e-18 42962.44972    1.874861859e-10 1.263942551e-30 1.853239744e-08 2.511503406e-07 30533.50544    30501.43376    
